0.239
0.232
0.034
0.04
0.042
0.033
0.043
0.034
0.037
0.038
0.038
0.032
0.282
0.039
0.041
0.032
0.039
0.041
0.045
0.274
0.281
0.275
0.29
0.283
0.278
0.289
0.279
0.271
0.276
0.286
0.282
0.275
0.281
0.28
0.208
0.216
0.218
0.224
0.215
0.215
0.026
0.027
0.03
0.03
0.223
0.03
0.028
0.028
0.229
0.236
0.229
0.238
0.229
0.245
0.237
0.259
0.226
0.226
0.043
0.038
0.032
0.256
0.027
0.032
0.04
0.037
0.035
0.036
0.04
0.04
0.049
0.045
0.267
0.048
0.031
0.03
0.039
0.048
0.044
0.041
0.042
0.046
0.299
0.042
0.042
0.05
0.046
0.045
0.038
0.041
0.253
0.03
0.03
0.036
0.037
0.034
0.028
0.056
0.027
0.031
0.038
0.027
0.027
0.029
0.026
0.026