0.262
0.2
0.035
0.034
0.034
0.027
0.046
0.041
0.044
0.04
0.033
0.025
0.21
0.028
0.031
0.025
0.028
0.029
0.034
0.266
0.214
0.205
0.206
0.205
0.21
0.211
0.208
0.201
0.198
0.264
0.204
0.259
0.204
0.241
0.203
0.249
0.215
0.206
0.264
0.205
0.029
0.027
0.029
0.034
0.228
0.041
0.043
0.03
0.211
0.21
0.21
0.263
0.22
0.219
0.214
0.225
0.247
0.19
0.037
0.027
0.026
0.203
0.022
0.021
0.031
0.028
0.026
0.028
0.029
0.03
0.037
0.032
0.211
0.034
0.026
0.023
0.03
0.036
0.032
0.029
0.032
0.034
0.202
0.031
0.027
0.032
0.034
0.029
0.025
0.029
0.212
0.026
0.023
0.032
0.031
0.027
0.023
0.027
0.023
0.026
0.034
0.023
0.024
0.024
0.023
0.023
0.027
0.199
0.209
0.214
0.219
0.223
0.227
0.229
0.234
0.037
0.034
0.031
0.032
0.031